#   ObjectID        mag_ab_g   mag_ab_r  Mag_abs_r   redshift
588848899897688320    17.87      17.41    -19.80      0.06
587728949584593152    18.09      17.24    -20.09      0.07
588848900973789184    17.88      17.43    -19.90      0.07
588848899365404800    17.72      17.27    -20.01      0.06
587728949049819264    18.37      17.59    -19.92      0.07
588848900978114560    18.05      17.56    -19.73      0.06
588848900978245760    18.16      17.46    -20.07      0.07
588848899369468032    18.03      17.52    -19.95      0.07
588848901517541632    18.37      17.59    -19.79      0.07
588848900453171328    18.25      17.61    -19.83      0.07
587722983895072896    17.94      17.57    -19.99      0.07
587722983358923008    17.79      17.08    -20.27      0.07
588848899921870976    17.73      17.23    -19.71      0.06
587722982291013760    18.05      17.53    -19.27      0.05
587722983902740608    17.57      17.21    -19.62      0.05
588848899929080064    17.85      17.20    -20.07      0.06
587722982293176448    17.85      17.13    -20.46      0.07
588848901002625280    18.09      17.60    -19.38      0.06
587722983367115008    17.79      16.94    -20.00      0.06
588848900466213120    18.03      17.28    -20.25      0.07
587722983908311168    17.99      17.46    -19.60      0.06
588848901007212672    17.67      17.18    -20.36      0.07
588848900470342016    17.99      17.50    -19.27      0.05
587722983371702400    17.42      16.94    -19.87      0.05
587725039559311488    18.00      17.45    -19.85      0.06
587725575886143488    18.13      17.44    -19.37      0.05
587725577497280768    18.10      17.47    -19.91      0.07
587725489987911680    17.89      17.31    -19.47      0.05
587725492136444288    17.88      17.09    -19.74      0.05
587731187263865216    17.97      17.32    -20.07      0.07
587731185654169856    17.99      17.21    -20.03      0.06
587734303802654976    17.95      17.16    -20.08      0.06
587731186191958400    18.21      17.39    -19.61      0.06
587731185119985920    17.91      17.46    -19.62      0.06
587734305953415296    17.89      17.37    -20.16      0.07
587731187268976768    17.56      17.08    -20.10      0.06
587734304880984320    17.52      17.19    -19.87      0.06
588015508189347968    17.70      17.47    -19.44      0.05
587731186200543360    18.30      17.41    -20.09      0.07
587731186738004096    18.08      17.25    -20.06      0.07
588015509803499648    18.35      17.53    -19.81      0.07
587731185127915520    18.16      17.29    -20.31      0.07
587731187812729088    18.09      17.29    -19.86      0.06
587731187279069440    18.19      17.44    -19.86      0.07
587731187279265920    18.03      17.38    -19.88      0.06
587731187279331456    17.59      17.10    -20.13      0.06
587731187279266048    18.27      17.43    -19.81      0.06
588015508735000704    17.83      17.16    -20.10      0.06
588015507660996736    17.95      17.10    -20.14      0.06
587731187280183552    17.93      17.20    -20.35      0.07
588015508199047168    17.94      17.37    -19.74      0.06
587731185135321216    17.80      17.25    -20.16      0.07
588015507663749248    18.16      17.57    -19.81      0.07
588015509814706304    18.11      17.42    -19.68      0.06
587731511533502592    17.77      17.30    -19.71      0.06
588015508743782528    17.88      17.22    -20.36      0.07
588015508207829120    17.79      17.47    -19.65      0.06
588015507670761600    17.85      17.34    -20.13      0.07
587731514220019840    17.56      17.02    -20.02      0.06
588015507672596608    18.22      17.37    -20.13      0.07
587731513149816960    18.24      17.58    -19.72      0.06
588015507674956032    18.12      17.25    -20.18      0.07
587731513687343232    18.46      17.58    -20.00      0.07
587731513153290368    18.34      17.47    -20.07      0.07
587731512617664640    18.21      17.35    -20.02      0.07
587724197202690176    17.96      17.31    -19.68      0.06
587724232639053952    18.02      17.34    -19.63      0.06
587724231564918784    17.25      16.94    -20.16      0.06
587724198281740416    17.89      16.90    -20.66      0.07
587725774530019584    18.31      17.41    -20.13      0.07
588007004961243520    17.83      17.13    -20.00      0.06
587725471203459328    17.87      17.56    -19.59      0.06
587725469055779072    17.73      17.02    -19.76      0.05
587725774534607104    18.05      17.51    -19.38      0.05
587725470667309184    17.96      17.29    -19.58      0.05
587725981224992768    18.04      17.47    -19.38      0.05
587725552808362112    18.15      17.56    -19.60      0.06
588007003624898688    17.54      17.18    -19.66      0.05
588007003624833152    17.93      17.46    -19.27      0.05
588007005772710016    18.08      17.13    -20.41      0.07
588007005236428928    18.08      17.29    -19.54      0.05
587725979614773376    18.04      17.52    -20.08      0.07
587725470673666176    17.58      17.26    -19.45      0.05
587724240689168512    17.71      16.97    -19.94      0.05
587727180614795392    18.07      17.31    -20.21      0.07
587724241232461952    17.51      16.99    -19.76      0.05
587724240160817280    17.85      17.35    -19.81      0.06
587724241234362496    17.67      17.18    -19.77      0.06
587727179549376640    17.84      17.42    -19.52      0.06
587726033301864576    17.73      17.12    -19.74      0.05
587725075528876288    17.92      17.21    -20.27      0.07
587725073919574272    18.22      17.31    -20.20      0.07
587725075529662592    18.11      17.52    -19.47      0.06
588848899896639744    17.96      17.26    -19.51      0.05
587726033307697280    18.15      17.38    -19.43      0.05
587727944032649344    17.71      17.26    -19.51      0.05
587725552276275328    17.98      17.26    -20.20      0.07
587725550666121344    17.99      17.40    -19.63      0.06
587725551743205376    17.77      17.31    -20.09      0.07
587725818561167488    17.98      17.46    -19.81      0.06
587725819098103936    18.17      17.38    -19.75      0.06
587726031698264192    18.32      17.63    -19.64      0.06
587726032772857984    18.03      17.10    -20.29      0.07
587726031699640576    18.05      17.48    -19.74      0.06
587728308558823552    18.01      17.39    -19.84      0.06
587726032237887616    17.59      17.24    -19.83      0.06
587726033312415872    18.21      17.59    -19.42      0.06
587728308561707136    17.91      17.51    -19.53      0.06
587726033312546944    18.12      17.52    -19.68      0.06
587726032777379968    18.04      17.16    -20.37      0.07
587726033314578560    18.15      17.36    -20.08      0.07
587726033316479104    17.76      16.96    -20.12      0.06
587726032782950528    18.10      17.42    -19.95      0.07
587726031710912640    18.36      17.56    -19.50      0.06
587726031711437056    18.15      17.60    -19.75      0.07
587726013997187200    17.83      17.35    -20.23      0.07
587726031713206272    17.38      17.07    -20.42      0.07
587726014540480512    17.74      17.38    -20.07      0.07
587726014541136000    18.18      17.44    -20.13      0.07
587726031725854976    17.92      17.49    -19.50      0.06
587726032800710912    17.85      17.39    -19.46      0.05
587726031727493248    17.90      17.54    -20.06      0.07
587726016158368000    17.81      17.41    -19.39      0.05
587726033874911360    18.02      17.52    -19.42      0.06
587722983907590528    17.94      17.21    -19.61      0.05
587726032268820736    18.01      17.28    -19.98      0.06
587726016163217792    17.69      17.01    -20.20      0.06
587727866180993280    17.87      17.47    -20.08      0.07
587727865645039744    17.62      17.23    -20.01      0.06
587727865646350592    17.78      17.36    -20.12      0.07
587727866719371520    17.85      17.15    -20.28      0.07
587728666115506432    18.23      17.39    -19.83      0.06
587728665579749632    17.75      17.38    -19.58      0.06
587728669343940864    18.02      17.47    -19.85      0.07
587728669881270400    18.00      17.43    -19.27      0.05
588010137340149888    17.74      17.32    -19.71      0.06
588009367472373888    18.22      17.39    -19.94      0.07
587728880331718912    18.37      17.50    -20.01      0.07
588010359068622976    17.84      17.31    -19.69      0.06
587728879262302336    18.13      17.30    -20.29      0.07
588010357996060928    18.12      17.56    -19.21      0.05
587728880872259712    17.99      17.59    -19.95      0.07
587728880335585408    17.92      17.36    -19.72      0.06
588010359073472640    18.16      17.50    -19.43      0.06
587728880877961344    18.05      17.39    -20.23      0.07
588010359077142528    18.05      17.43    -20.00      0.07
587728880342794368    18.14      17.23    -20.17      0.07
587728879269511168    18.02      17.35    -20.21      0.07
587726102558081152    18.29      17.51    -19.86      0.07
587726102021734656    18.02      17.44    -19.56      0.06
587726100412039296    17.71      17.39    -19.76      0.06
587726100949827712    18.22      17.56    -19.69      0.06
587728679540490240    18.36      17.61    -19.58      0.06
587728679541538944    18.03      17.49    -19.56      0.06
587728918445359360    17.80      17.37    -20.08      0.07
588007004181889152    18.43      17.61    -19.93      0.07
587728918446276736    18.42      17.54    -20.08      0.07
587728918985244800    17.58      17.37    -19.40      0.05
588007003646984192    18.08      17.24    -19.51      0.05
588007006331076736    17.85      17.46    -19.67      0.06
587729228221186176    17.59      17.35    -19.95      0.06
587729227685626112    18.17      17.64    -19.98      0.07
587725816959729792    17.86      16.99    -20.47      0.07
587728918451716096    18.01      17.24    -20.27      0.07
587725816425021696    17.87      17.25    -20.13      0.07
587725818034978944    18.03      17.49    -20.13      0.07
587729229298270336    18.21      17.59    -19.16      0.05
588007004726493440    17.70      17.20    -19.52      0.05
587725818036814080    17.84      17.03    -20.25      0.06
587729407536332928    17.93      17.24    -20.15      0.07
587725818037534976    18.30      17.42    -19.82      0.06
587725816963399808    18.03      17.41    -19.80      0.06
587725993572434048    17.68      17.20    -19.96      0.06
587725993035432320    17.95      17.23    -19.84      0.06
587725993035038720    17.77      17.35    -19.71      0.06
587729409688273152    17.92      17.03    -20.51      0.07
587729408078905600    18.05      17.52    -19.66      0.06
588007005269459328    18.39      17.54    -20.01      0.07
588007004733767808    17.57      17.12    -20.00      0.06
587729408617808128    17.75      17.50    -19.78      0.06
588007005271556352    17.95      17.20    -20.13      0.07
587729231445229568    18.09      17.17    -19.99      0.06
587725993577480320    17.47      17.11    -20.18      0.06
587729232519496064    18.16      17.35    -19.87      0.06
587725993039888512    17.18      16.97    -20.21      0.06
587725994651156736    17.26      16.95    -20.28      0.06
587727213879427712    17.93      17.50    -19.81      0.07
587727213882769664    17.48      17.01    -19.90      0.05
587726878880039040    17.91      17.44    -19.81      0.06
587726879953780992    17.49      17.18    -19.88      0.06
587727177909338240    18.09      17.19    -20.33      0.07
587727178446864512    17.98      17.18    -20.12      0.07
587727225689538816    18.27      17.41    -20.11      0.07
587727178985701504    18.00      17.46    -20.11      0.07
587727225691177088    17.64      17.27    -20.12      0.07
587727178450665600    18.03      17.50    -19.71      0.06
587727227303493760    17.42      16.91    -20.22      0.06
587727225157124224    18.23      17.54    -19.42      0.06
587727227305263360    18.25      17.43    -19.43      0.05
587727227842068608    17.86      17.06    -19.93      0.06
